image: resolution30cm.pgm
resolution: 0.300000
origin: [-9.900000, -29.100000, 0.000000]
negate: 0
occupied_thresh: 0.65
free_thresh: 0.196

